{
 "cells": [
  {
   "cell_type": "code",
   "execution_count": 1,
   "metadata": {},
   "outputs": [],
   "source": [
    "import os\n",
    "import torch\n",
    "import pandas as pd\n",
    "import torch.nn as nn\n",
    "import torch.nn.functional as F\n",
    "import torch.optim\n",
    "from torch.optim import Adam\n",
    "import numpy as np\n",
    "import matplotlib.pyplot as plt\n",
    "import SimpleITK as sitk\n",
    "from torchsummary import summary\n",
    "import torch.utils.data as utils\n",
    "from sklearn.preprocessing import LabelEncoder\n",
    "from sklearn.preprocessing import OneHotEncoder\n",
    "label_encoder = LabelEncoder()\n",
    "from torch.utils.data import Dataset"
   ]
  },
  {
   "cell_type": "code",
   "execution_count": 2,
   "metadata": {},
   "outputs": [],
   "source": [
    "df = pd.read_csv('/media/fabio/Disco locale/Fabio/Programmazione/Python/Poliambulanza/Alzheimer/ADNI/Utils/csf_adni.csv')"
   ]
  },
  {
   "cell_type": "code",
   "execution_count": 3,
   "metadata": {},
   "outputs": [
    {
     "data": {
      "text/html": [
       "<div>\n",
       "<style scoped>\n",
       "    .dataframe tbody tr th:only-of-type {\n",
       "        vertical-align: middle;\n",
       "    }\n",
       "\n",
       "    .dataframe tbody tr th {\n",
       "        vertical-align: top;\n",
       "    }\n",
       "\n",
       "    .dataframe thead th {\n",
       "        text-align: right;\n",
       "    }\n",
       "</style>\n",
       "<table border=\"1\" class=\"dataframe\">\n",
       "  <thead>\n",
       "    <tr style=\"text-align: right;\">\n",
       "      <th></th>\n",
       "      <th>Unnamed: 0</th>\n",
       "      <th>Unnamed: 0.1</th>\n",
       "      <th>RID</th>\n",
       "      <th>PTID</th>\n",
       "      <th>VISCODE</th>\n",
       "      <th>COLPROT</th>\n",
       "      <th>EXAMDATE</th>\n",
       "      <th>DX_bl</th>\n",
       "      <th>AGE</th>\n",
       "      <th>PTGENDER</th>\n",
       "      <th>ABETA</th>\n",
       "      <th>TAU</th>\n",
       "      <th>PTAU</th>\n",
       "      <th>Month_bl</th>\n",
       "      <th>SUBJ</th>\n",
       "    </tr>\n",
       "  </thead>\n",
       "  <tbody>\n",
       "    <tr>\n",
       "      <th>0</th>\n",
       "      <td>0</td>\n",
       "      <td>1</td>\n",
       "      <td>3</td>\n",
       "      <td>011_S_0003</td>\n",
       "      <td>bl</td>\n",
       "      <td>ADNI1</td>\n",
       "      <td>2005-09-12</td>\n",
       "      <td>AD</td>\n",
       "      <td>81.3</td>\n",
       "      <td>Male</td>\n",
       "      <td>741.5</td>\n",
       "      <td>239.7</td>\n",
       "      <td>22.83</td>\n",
       "      <td>0.0</td>\n",
       "      <td>S9128</td>\n",
       "    </tr>\n",
       "    <tr>\n",
       "      <th>1</th>\n",
       "      <td>1</td>\n",
       "      <td>5</td>\n",
       "      <td>4</td>\n",
       "      <td>022_S_0004</td>\n",
       "      <td>bl</td>\n",
       "      <td>ADNI1</td>\n",
       "      <td>2005-11-08</td>\n",
       "      <td>LMCI</td>\n",
       "      <td>67.5</td>\n",
       "      <td>Male</td>\n",
       "      <td>1501.0</td>\n",
       "      <td>153.1</td>\n",
       "      <td>13.29</td>\n",
       "      <td>0.0</td>\n",
       "      <td>S9233</td>\n",
       "    </tr>\n",
       "    <tr>\n",
       "      <th>2</th>\n",
       "      <td>2</td>\n",
       "      <td>10</td>\n",
       "      <td>5</td>\n",
       "      <td>011_S_0005</td>\n",
       "      <td>bl</td>\n",
       "      <td>ADNI1</td>\n",
       "      <td>2005-09-07</td>\n",
       "      <td>CN</td>\n",
       "      <td>73.7</td>\n",
       "      <td>Male</td>\n",
       "      <td>547.3</td>\n",
       "      <td>337.0</td>\n",
       "      <td>33.43</td>\n",
       "      <td>0.0</td>\n",
       "      <td>S9137</td>\n",
       "    </tr>\n",
       "    <tr>\n",
       "      <th>3</th>\n",
       "      <td>3</td>\n",
       "      <td>22</td>\n",
       "      <td>10</td>\n",
       "      <td>011_S_0010</td>\n",
       "      <td>bl</td>\n",
       "      <td>ADNI1</td>\n",
       "      <td>2005-11-10</td>\n",
       "      <td>AD</td>\n",
       "      <td>73.9</td>\n",
       "      <td>Female</td>\n",
       "      <td>357.4</td>\n",
       "      <td>329.9</td>\n",
       "      <td>31.26</td>\n",
       "      <td>0.0</td>\n",
       "      <td>S8800</td>\n",
       "    </tr>\n",
       "    <tr>\n",
       "      <th>4</th>\n",
       "      <td>4</td>\n",
       "      <td>26</td>\n",
       "      <td>14</td>\n",
       "      <td>022_S_0014</td>\n",
       "      <td>bl</td>\n",
       "      <td>ADNI1</td>\n",
       "      <td>2005-11-04</td>\n",
       "      <td>CN</td>\n",
       "      <td>78.5</td>\n",
       "      <td>Female</td>\n",
       "      <td>1582.0</td>\n",
       "      <td>203.6</td>\n",
       "      <td>16.68</td>\n",
       "      <td>0.0</td>\n",
       "      <td>S9271</td>\n",
       "    </tr>\n",
       "  </tbody>\n",
       "</table>\n",
       "</div>"
      ],
      "text/plain": [
       "   Unnamed: 0  Unnamed: 0.1  RID        PTID VISCODE COLPROT    EXAMDATE  \\\n",
       "0           0             1    3  011_S_0003      bl   ADNI1  2005-09-12   \n",
       "1           1             5    4  022_S_0004      bl   ADNI1  2005-11-08   \n",
       "2           2            10    5  011_S_0005      bl   ADNI1  2005-09-07   \n",
       "3           3            22   10  011_S_0010      bl   ADNI1  2005-11-10   \n",
       "4           4            26   14  022_S_0014      bl   ADNI1  2005-11-04   \n",
       "\n",
       "  DX_bl   AGE PTGENDER   ABETA    TAU   PTAU  Month_bl   SUBJ  \n",
       "0    AD  81.3     Male   741.5  239.7  22.83       0.0  S9128  \n",
       "1  LMCI  67.5     Male  1501.0  153.1  13.29       0.0  S9233  \n",
       "2    CN  73.7     Male   547.3  337.0  33.43       0.0  S9137  \n",
       "3    AD  73.9   Female   357.4  329.9  31.26       0.0  S8800  \n",
       "4    CN  78.5   Female  1582.0  203.6  16.68       0.0  S9271  "
      ]
     },
     "execution_count": 3,
     "metadata": {},
     "output_type": "execute_result"
    }
   ],
   "source": [
    "df.head()"
   ]
  },
  {
   "cell_type": "code",
   "execution_count": 4,
   "metadata": {},
   "outputs": [
    {
     "name": "stdout",
     "output_type": "stream",
     "text": [
      "*Translation Transform*\n"
     ]
    }
   ],
   "source": [
    "interpolator = sitk.sitkLinear\n",
    "default_value = 0\n",
    "print('*Translation Transform*')\n",
    "transform = sitk.TranslationTransform(3)"
   ]
  },
  {
   "cell_type": "code",
   "execution_count": 5,
   "metadata": {},
   "outputs": [],
   "source": [
    "IMG_Folder = '/media/fabio/Disco locale/Fabio/Programmazione/Python/Poliambulanza/Alzheimer/Dati/ADNI/ADNI1/ADNI_Proc/'"
   ]
  },
  {
   "cell_type": "code",
   "execution_count": 6,
   "metadata": {},
   "outputs": [],
   "source": [
    "dati_img = os.listdir(IMG_Folder)\n",
    "cwd = os.getcwd()"
   ]
  },
  {
   "cell_type": "code",
   "execution_count": 7,
   "metadata": {},
   "outputs": [
    {
     "data": {
      "text/plain": [
       "'/media/fabio/Disco locale/Fabio/Programmazione/Python/Poliambulanza/Alzheimer/ADNI/LeNet5_CNN'"
      ]
     },
     "execution_count": 7,
     "metadata": {},
     "output_type": "execute_result"
    }
   ],
   "source": [
    "cwd"
   ]
  },
  {
   "cell_type": "code",
   "execution_count": 8,
   "metadata": {},
   "outputs": [],
   "source": [
    "reference_image = sitk.ReadImage(IMG_Folder + dati_img[1])"
   ]
  },
  {
   "cell_type": "code",
   "execution_count": 9,
   "metadata": {},
   "outputs": [
    {
     "name": "stdout",
     "output_type": "stream",
     "text": [
      "Already Created\n",
      "S10026_MPRAGE_20051110091559_3.nii\n",
      "(-1.0, 0.0, 0.0, 0.0, -1.0, 0.0, 0.0, 0.0, 1.0)\n",
      "\n",
      "LMCI\n",
      "(192, 192, 160)\n",
      "S10184_MPRAGE_20051116092926_3.nii\n",
      "(-1.0, 0.0, 0.0, 0.0, -1.0, 0.0, 0.0, 0.0, 1.0)\n",
      "\n",
      "LMCI\n",
      "(192, 192, 160)\n",
      "S10311_MPRAGE_20051129084315_2.nii\n",
      "(-1.0, 0.0, 0.0, 0.0, -1.0, 0.0, 0.0, 0.0, 1.0)\n",
      "\n",
      "CN\n",
      "(192, 192, 160)\n",
      "S10325_MPRAGE_20051115183735_2.nii\n",
      "(-0.999119915744732, 0.029666214637934285, -0.02965315824123555, -0.029653156837084742, -0.9995598609933543, -0.000880036114442141, -0.029666213978778284, 4.8146573845136553e-08, 0.9995598610102135)\n",
      "\n",
      "LMCI\n",
      "(192, 192, 160)\n",
      "S10468_MPRAGE_20051206112320_2.nii\n",
      "(-1.0, 0.0, 0.0, 0.0, -1.0, 0.0, 0.0, 0.0, 1.0)\n",
      "\n",
      "AD\n",
      "(192, 192, 160)\n",
      "S10517_MPRAGE_20051212085328_3.nii\n",
      "(-1.0, 0.0, 0.0, 0.0, -1.0, 0.0, 0.0, 0.0, 1.0)\n",
      "\n",
      "CN\n",
      "(192, 192, 160)\n",
      "S10568_MPRAGE_20051214081622_2.nii\n",
      "(-1.0, 0.0, 0.0, 0.0, -1.0, 0.0, 0.0, 0.0, 1.0)\n",
      "\n",
      "AD\n",
      "(192, 192, 160)\n",
      "S10679_MP-RAGE_20051220101856_2.nii\n",
      "(-1.0, 0.0, 0.0, 0.0, -1.0, 0.0, 0.0, 0.0, 1.0)\n",
      "\n",
      "LMCI\n",
      "(192, 192, 160)\n",
      "S10712_MPRAGE_20051228160347_201.nii\n",
      "(-0.9945783990134501, 0.10324697265345878, -0.012404394949784169, -0.10324233211482525, -0.9946557142106368, -0.0010163055574385926, -0.012443033204757512, 0.0002698629724190129, 0.999922546054915)\n",
      "\n",
      "AD\n",
      "(192, 192, 160)\n",
      "S10736_MPRAGE_20060103084309_2.nii\n",
      "(-1.0, 0.0, 0.0, 0.0, -1.0, 0.0, 0.0, 0.0, 1.0)\n",
      "\n",
      "AD\n",
      "(192, 192, 160)\n",
      "S10765_MPRAGE_20060104084047_2.nii\n",
      "(-1.0, 0.0, 0.0, 0.0, -1.0, 0.0, 0.0, 0.0, 1.0)\n",
      "\n",
      "AD\n",
      "(192, 192, 160)\n",
      "S12323_MP-RAGE_20060320142753_2.nii\n",
      "(-1.0, 0.0, 0.0, 0.0, -1.0, 0.0, 0.0, 0.0, 1.0)\n",
      "\n",
      "CN\n",
      "(192, 192, 160)\n",
      "S12359_MP-RAGE_20060321115220_2.nii\n",
      "(-1.0, 0.0, 0.0, 0.0, -1.0, 0.0, 0.0, 0.0, 1.0)\n",
      "\n",
      "LMCI\n",
      "(192, 192, 160)\n",
      "S12365_MP-RAGE_20060321125317_2.nii\n",
      "(-1.0, 0.0, 0.0, 0.0, -1.0, 0.0, 0.0, 0.0, 1.0)\n",
      "\n",
      "AD\n",
      "(192, 192, 160)\n",
      "S12386_MPRAGE_20060322132135_2.nii\n",
      "(-1.0, 0.0, 0.0, 0.0, -1.0, 0.0, 0.0, 0.0, 1.0)\n",
      "\n",
      "AD\n",
      "(192, 192, 160)\n",
      "S12408_MPRAGE_20060322123454_3.nii\n",
      "(-1.0, 0.0, 0.0, 0.0, -1.0, 0.0, 0.0, 0.0, 1.0)\n",
      "\n",
      "LMCI\n",
      "(192, 192, 160)\n",
      "S12418_MP-RAGE_20060323135439_3.nii\n",
      "(-1.0, 0.0, 0.0, 0.0, -1.0, 0.0, 0.0, 0.0, 1.0)\n",
      "\n",
      "CN\n",
      "(192, 192, 160)\n",
      "S12462_MP-RAGE_20060322105256_2.nii\n",
      "(-1.0, 0.0, 0.0, 0.0, -1.0, 0.0, 0.0, 0.0, 1.0)\n",
      "\n",
      "LMCI\n",
      "(192, 192, 160)\n",
      "S12492_MPRAGE_20060328111404_2.nii\n",
      "(-1.0, 0.0, 0.0, 0.0, -1.0, 0.0, 0.0, 0.0, 1.0)\n",
      "\n",
      "LMCI\n",
      "(192, 192, 160)\n",
      "S12799_MPRAGE_20060403095011_2.nii\n",
      "(-1.0, 0.0, 0.0, 0.0, -1.0, 0.0, 0.0, 0.0, 1.0)\n",
      "\n",
      "LMCI\n",
      "(192, 192, 160)\n",
      "S11485_MPRAGE_20060206114354_2.nii\n",
      "(-1.0, 0.0, 0.0, 0.0, -1.0, 0.0, 0.0, 0.0, 1.0)\n",
      "\n",
      "AD\n",
      "(192, 192, 160)\n",
      "S11509_MP-RAGE_20060206172125_2.nii\n",
      "(-1.0, 0.0, 0.0, 0.0, -1.0, 0.0, 0.0, 0.0, 1.0)\n",
      "\n",
      "LMCI\n",
      "(192, 192, 160)\n",
      "S11535_MP-RAGE_20060206134015_2.nii\n",
      "(-1.0, 0.0, 0.0, 0.0, -1.0, 0.0, 0.0, 0.0, 1.0)\n",
      "\n",
      "CN\n",
      "(192, 192, 160)\n",
      "S11593_MPRAGE_20060210145710_2.nii\n",
      "(-1.0, 0.0, 0.0, 0.0, -1.0, 0.0, 0.0, 0.0, 1.0)\n",
      "\n",
      "CN\n",
      "(192, 192, 160)\n",
      "S11661_MPRAGE_20060214084907_2.nii\n",
      "(-1.0, 0.0, 0.0, 0.0, -1.0, 0.0, 0.0, 0.0, 1.0)\n",
      "\n",
      "LMCI\n",
      "(192, 192, 160)\n",
      "S11707_MP-RAGE_20060217110208_2.nii\n",
      "(-1.0, 0.0, 0.0, 0.0, -1.0, 0.0, 0.0, 0.0, 1.0)\n",
      "\n",
      "LMCI\n",
      "(192, 192, 160)\n",
      "S11774_MP-RAGE_20060224074105_5.nii\n",
      "(-1.0, 0.0, 0.0, 0.0, -1.0, 0.0, 0.0, 0.0, 1.0)\n",
      "\n",
      "CN\n",
      "(192, 192, 160)\n",
      "S11834_MP-RAGE_20060228090254_2.nii\n",
      "(-1.0, 0.0, 0.0, 0.0, -1.0, 0.0, 0.0, 0.0, 1.0)\n",
      "\n",
      "LMCI\n",
      "(192, 192, 160)\n",
      "S11928_MP-RAGE_20060301084000_2.nii\n",
      "(-1.0, 0.0, 0.0, 0.0, -1.0, 0.0, 0.0, 0.0, 1.0)\n",
      "\n",
      "CN\n",
      "(192, 192, 160)\n",
      "S11956_MP-RAGE_20060222093951_6.nii\n",
      "(-1.0, 0.0, 0.0, 0.0, -1.0, 0.0, 0.0, 0.0, 1.0)\n",
      "\n",
      "AD\n",
      "(192, 192, 160)\n",
      "S11964_MP-RAGE_20060304172104_2.nii\n",
      "(-1.0, 0.0, 0.0, 0.0, -1.0, 0.0, 0.0, 0.0, 1.0)\n",
      "\n",
      "LMCI\n",
      "(192, 192, 160)\n",
      "S8868_MPRAGE_20051031090945_4.nii\n",
      "(-0.9993117223924038, -0.027921601519334985, 0.024422648303465726, 0.027913265733605617, -0.999610116079562, -0.0006821812527566356, 0.02443217315778726, 4.233688151841989e-09, 0.9997014898851474)\n",
      "\n",
      "CN\n",
      "(192, 192, 160)\n",
      "S8921_MPRAGE_20051024112801_4.nii\n",
      "(-0.9960034629618375, -0.08544013324775233, -0.026020864662657264, 0.08541098995311033, -0.9963433061102007, 0.0022314186143119787, -0.026116365812599816, 3.262213898642242e-08, 0.9996589095152283)\n",
      "\n",
      "CN\n",
      "(192, 192, 160)\n",
      "S9128_MPRAGE_20050901101558_3.nii\n",
      "(-1.0, 0.0, 0.0, 0.0, -1.0, 0.0, 0.0, 0.0, 1.0)\n",
      "\n",
      "AD\n",
      "(192, 192, 160)\n",
      "S9137_MPRAGE_20050902100040_2.nii\n",
      "(-1.0, 0.0, 0.0, 0.0, -1.0, 0.0, 0.0, 0.0, 1.0)\n",
      "\n",
      "CN\n",
      "(192, 192, 160)\n",
      "S9233_MPRAGE_20050922134811_2.nii\n",
      "(-1.0, 0.0, 0.0, 0.0, -1.0, 0.0, 0.0, 0.0, 1.0)\n",
      "\n",
      "LMCI\n",
      "(192, 192, 160)\n",
      "S9253_MPRAGE_20050927110015_2.nii\n",
      "(-0.9944249564081236, 0.013962165867879309, -0.10451824606336425, -0.01388568499477884, -0.9999025242113732, -0.0014593959703988332, -0.10452843548493028, 4.766394234733899e-08, 0.9945218984030666)\n",
      "\n",
      "CN\n",
      "(192, 192, 160)\n",
      "S9271_MPRAGE_20050929152521_2.nii\n",
      "(-1.0, 0.0, 0.0, 0.0, -1.0, 0.0, 0.0, 0.0, 1.0)\n",
      "\n",
      "CN\n",
      "(192, 192, 160)\n",
      "S9905_MPRAGE_20051014080516_3.nii\n",
      "(-1.0, 0.0, 0.0, 0.0, -1.0, 0.0, 0.0, 0.0, 1.0)\n",
      "\n",
      "AD\n",
      "(192, 192, 160)\n",
      "S10933_MPRAGE_20060118083458_2.nii\n",
      "(-0.9990101784111528, 0.008726563826505782, 0.04361777544287208, -0.008718257845998728, -0.999961922816955, 0.0003806540225069816, 0.043619438454054624, 6.21754862789797e-09, 0.9990482194408489)\n",
      "\n",
      "LMCI\n",
      "(192, 192, 160)\n",
      "S10949_MP-RAGE_20060118143954_2.nii\n",
      "(-1.0, 0.0, 0.0, 0.0, -1.0, 0.0, 0.0, 0.0, 1.0)\n",
      "\n",
      "CN\n",
      "(192, 192, 160)\n",
      "S10960_MP-RAGE_20060119075044_2.nii\n",
      "(-1.0, 0.0, 0.0, 0.0, -1.0, 0.0, 0.0, 0.0, 1.0)\n",
      "\n",
      "CN\n",
      "(192, 192, 160)\n",
      "S10968_MPRAGE_20060119075456_2.nii\n",
      "(-1.0, 0.0, 0.0, 0.0, -1.0, 0.0, 0.0, 0.0, 1.0)\n",
      "\n",
      "LMCI\n",
      "(192, 192, 160)\n",
      "S11006_MPRAGE_20060118120419_3.nii\n",
      "(-1.0, 0.0, 0.0, 0.0, -1.0, 0.0, 0.0, 0.0, 1.0)\n",
      "\n",
      "CN\n",
      "(192, 192, 160)\n",
      "S11010_MPRAGE_20060120125936_201.nii\n",
      "(-0.9994716674766903, -0.0325020910298949, 0.0, 0.032502090876810684, -0.999471667471712, 0.0, 0.0, 0.0, 1.0)\n",
      "\n",
      "CN\n",
      "(192, 192, 160)\n",
      "S11079_MPRAGE_20060124110148_2.nii\n",
      "(-1.0, 0.0, 0.0, 0.0, -1.0, 0.0, 0.0, 0.0, 1.0)\n",
      "\n",
      "AD\n",
      "(192, 192, 160)\n",
      "S11135_MPRAGE_20051221132316_3.nii\n",
      "(-1.0, 0.0, 0.0, 0.0, -1.0, 0.0, 0.0, 0.0, 1.0)\n",
      "\n",
      "LMCI\n",
      "(192, 192, 160)\n",
      "S11162_MPRAGE_20060126131830_3.nii\n",
      "(-1.0, 0.0, 0.0, 0.0, -1.0, 0.0, 0.0, 0.0, 1.0)\n",
      "\n",
      "CN\n",
      "(192, 192, 160)\n",
      "S11194_MP-RAGE_20060113151433_3.nii\n",
      "(-1.0, 0.0, 0.0, 0.0, -1.0, 0.0, 0.0, 0.0, 1.0)\n",
      "\n",
      "LMCI\n",
      "(192, 192, 160)\n",
      "S11313_MP-RAGE_20060130134201_2.nii\n",
      "(-1.0, 0.0, 0.0, 0.0, -1.0, 0.0, 0.0, 0.0, 1.0)\n",
      "\n",
      "CN\n",
      "(192, 192, 160)\n",
      "S11435_MP-RAGE_20060201123507_2.nii\n",
      "(-1.0, 0.0, 0.0, 0.0, -1.0, 0.0, 0.0, 0.0, 1.0)\n",
      "\n",
      "LMCI\n",
      "(192, 192, 160)\n",
      "S13177_MP-RAGE_20060410171515_2.nii\n",
      "(-1.0, 0.0, 0.0, 0.0, -1.0, 0.0, 0.0, 0.0, 1.0)\n",
      "\n",
      "AD\n",
      "(192, 192, 160)\n",
      "S13190_MP-RAGE_20060331105457_2.nii\n",
      "(-1.0, 0.0, 0.0, 0.0, -1.0, 0.0, 0.0, 0.0, 1.0)\n",
      "\n",
      "CN\n",
      "(192, 192, 160)\n",
      "S13408_MP-RAGE_20060418081744_3.nii\n",
      "(-1.0, 0.0, 0.0, 0.0, -1.0, 0.0, 0.0, 0.0, 1.0)\n",
      "\n",
      "CN\n",
      "(192, 192, 160)\n",
      "S13473_MP-RAGE_20060419091815_2.nii\n",
      "(-1.0, 0.0, 0.0, 0.0, -1.0, 0.0, 0.0, 0.0, 1.0)\n",
      "\n",
      "CN\n",
      "(192, 192, 160)\n",
      "S13839_MP-RAGE_20060501161153_2.nii\n",
      "(-1.0, 0.0, 0.0, 0.0, -1.0, 0.0, 0.0, 0.0, 1.0)\n",
      "\n",
      "AD\n",
      "(192, 192, 160)\n",
      "S14136_MP-RAGE_20060509143919_2.nii\n",
      "(-1.0, 0.0, 0.0, 0.0, -1.0, 0.0, 0.0, 0.0, 1.0)\n",
      "\n",
      "AD\n",
      "(192, 192, 160)\n",
      "S14730_MPRAGE_20060519085041_2.nii\n",
      "(-1.0, 0.0, 0.0, 0.0, -1.0, 0.0, 0.0, 0.0, 1.0)\n",
      "\n",
      "CN\n",
      "(192, 192, 160)\n",
      "S15079_MPRAGE_20060531131224_2.nii\n",
      "(-1.0, 0.0, 0.0, 0.0, -1.0, 0.0, 0.0, 0.0, 1.0)\n",
      "\n",
      "CN\n",
      "(192, 192, 160)\n",
      "S8723_MPRAGE_20051109091440_2.nii\n",
      "(-1.0, 0.0, 0.0, 0.0, -1.0, 0.0, 0.0, 0.0, 1.0)\n",
      "\n",
      "CN\n",
      "(192, 192, 160)\n",
      "S8800_MPRAGE_20051107080954_2.nii\n",
      "(-1.0, 0.0, 0.0, 0.0, -1.0, 0.0, 0.0, 0.0, 1.0)\n",
      "\n",
      "AD\n",
      "(192, 192, 160)\n",
      "S10858_MPRAGE_20060112101949_2.nii\n",
      "(-1.0, 0.0, 0.0, 0.0, -1.0, 0.0, 0.0, 0.0, 1.0)\n",
      "\n",
      "CN\n",
      "(192, 192, 160)\n",
      "S12307_MPRAGE_20060320095016_2.nii\n",
      "(-0.9967704177637173, 0.0366660777076258, -0.07144461437148333, -0.036572253593126415, -0.9993275732939315, -0.002621367633544752, -0.07149268870495949, -1.1077065054543143e-08, 0.9974411238308956)\n",
      "\n",
      "LMCI\n",
      "(192, 192, 160)\n",
      "S13072_MP-RAGE_20060406144209_2.nii\n",
      "(-1.0, 0.0, 0.0, 0.0, -1.0, 0.0, 0.0, 0.0, 1.0)\n",
      "\n",
      "LMCI\n",
      "(192, 192, 160)\n",
      "S8851_MPRAGE_20051031113315_2.nii\n",
      "(-1.0, 0.0, 0.0, 0.0, -1.0, 0.0, 0.0, 0.0, 1.0)\n",
      "\n",
      "LMCI\n",
      "(192, 192, 160)\n",
      "S11981_MP-RAGE_20060228093013_2.nii\n",
      "(-1.0, 0.0, 0.0, 0.0, -1.0, 0.0, 0.0, 0.0, 1.0)\n",
      "\n",
      "CN\n",
      "(192, 192, 160)\n",
      "S12029_MPRAGE_20060309091454_2.nii\n",
      "(-1.0, 0.0, 0.0, 0.0, -1.0, 0.0, 0.0, 0.0, 1.0)\n",
      "\n",
      "LMCI\n",
      "(192, 192, 160)\n",
      "S12065_MPRAGE_20060309091539_5.nii\n",
      "(-0.9991228304394492, 0.04187564635839599, 0.0, -0.04187564560294702, -0.9991228304077865, 0.0, 0.0, 0.0, 1.0)\n",
      "\n",
      "LMCI\n",
      "(192, 192, 160)\n",
      "S12137_MP-RAGE_20060313142028_2.nii\n"
     ]
    },
    {
     "name": "stdout",
     "output_type": "stream",
     "text": [
      "(-1.0, 0.0, 0.0, 0.0, -1.0, 0.0, 0.0, 0.0, 1.0)\n",
      "\n",
      "CN\n",
      "(192, 192, 160)\n",
      "S12168_MP-RAGE_20060314103247_4.nii\n",
      "(-1.0, 0.0, 0.0, 0.0, -1.0, 0.0, 0.0, 0.0, 1.0)\n",
      "\n",
      "LMCI\n",
      "(192, 192, 160)\n",
      "S12187_MPRAGE_20060310141428_3.nii\n",
      "(-1.0, 0.0, 0.0, 0.0, -1.0, 0.0, 0.0, 0.0, 1.0)\n",
      "\n",
      "CN\n",
      "(192, 192, 160)\n"
     ]
    }
   ],
   "source": [
    "img_tot = []\n",
    "y = []\n",
    "try:\n",
    "    os.makedirs('ADNI1_PROC')\n",
    "except:\n",
    "    print(\"Already Created\")\n",
    "for data_img in dati_img:\n",
    "    if 'nii' in str(data_img):\n",
    "        print(str(data_img))\n",
    "        sitk_t1 = sitk.ReadImage(IMG_Folder + data_img)\n",
    "        print(sitk_t1.GetDirection())\n",
    "        t2 = sitk.Resample(sitk_t1, reference_image, transform,interpolator, default_value)\n",
    "        t1 = sitk.GetArrayFromImage(t2)\n",
    "        img_tot.append(t1)\n",
    "        print()\n",
    "        DX_bl = df.loc[df['SUBJ']==data_img.split('_')[0]]['DX_bl']\n",
    "        print(DX_bl.values[0])\n",
    "        y.append(DX_bl.values[0])\n",
    "        sitk.WriteImage(t2,'ADNI1_PROC/'+ str(data_img))\n",
    "\n",
    "        print(t1.shape)"
   ]
  },
  {
   "cell_type": "code",
   "execution_count": 10,
   "metadata": {},
   "outputs": [],
   "source": [
    "date = np.asarray(img_tot)"
   ]
  },
  {
   "cell_type": "code",
   "execution_count": 11,
   "metadata": {},
   "outputs": [
    {
     "data": {
      "text/plain": [
       "(71, 192, 192, 160)"
      ]
     },
     "execution_count": 11,
     "metadata": {},
     "output_type": "execute_result"
    }
   ],
   "source": [
    "date.shape"
   ]
  },
  {
   "cell_type": "code",
   "execution_count": 12,
   "metadata": {},
   "outputs": [
    {
     "name": "stderr",
     "output_type": "stream",
     "text": [
      "/home/fabio/.pyenv/versions/3.6.1/lib/python3.6/site-packages/sklearn/preprocessing/_encoders.py:371: FutureWarning: The handling of integer data will change in version 0.22. Currently, the categories are determined based on the range [0, max(values)], while in the future they will be determined based on the unique values.\n",
      "If you want the future behaviour and silence this warning, you can specify \"categories='auto'\".\n",
      "In case you used a LabelEncoder before this OneHotEncoder to convert the categories to integers, then you can now use the OneHotEncoder directly.\n",
      "  warnings.warn(msg, FutureWarning)\n"
     ]
    }
   ],
   "source": [
    "\n",
    "y = label_encoder.fit_transform(y)\n",
    "enc = OneHotEncoder()\n",
    "\n",
    "# 2. FIT\n",
    "enc.fit(y.reshape(-1, 1))\n",
    "\n",
    "# 3. Transform\n",
    "y = onehotlabels = enc.transform(y.reshape(-1, 1)).toarray()\n",
    "\n"
   ]
  },
  {
   "cell_type": "code",
   "execution_count": 13,
   "metadata": {},
   "outputs": [],
   "source": [
    "from sklearn.model_selection import train_test_split"
   ]
  },
  {
   "cell_type": "code",
   "execution_count": 14,
   "metadata": {},
   "outputs": [],
   "source": [
    "X_train, X_test, Y_train, Y_test = train_test_split(date, y, test_size=0.2)"
   ]
  },
  {
   "cell_type": "code",
   "execution_count": 15,
   "metadata": {},
   "outputs": [
    {
     "data": {
      "text/plain": [
       "(56, 192, 192, 160)"
      ]
     },
     "execution_count": 15,
     "metadata": {},
     "output_type": "execute_result"
    }
   ],
   "source": [
    "X_train.shape"
   ]
  },
  {
   "cell_type": "code",
   "execution_count": 16,
   "metadata": {},
   "outputs": [
    {
     "data": {
      "text/plain": [
       "(15, 192, 192, 160)"
      ]
     },
     "execution_count": 16,
     "metadata": {},
     "output_type": "execute_result"
    }
   ],
   "source": [
    "X_test.shape"
   ]
  },
  {
   "cell_type": "code",
   "execution_count": 17,
   "metadata": {},
   "outputs": [
    {
     "data": {
      "text/plain": [
       "<matplotlib.image.AxesImage at 0x7f74c9a82f98>"
      ]
     },
     "execution_count": 17,
     "metadata": {},
     "output_type": "execute_result"
    },
    {
     "data": {
